333333333333333333333333333333
111111111111111111111111111111
111111111111111111111111111111
111111111111111111111111111111
000000000000000000000000000001
000000000000000000000000000001
000002000000000000000000000001
000000000000000007000000000001
000000000000000111100000001111
000000000000000000000000000000
000000000000000000000000000000
000000000000000000000000000000
000000000070000000000000000000
000000000000000000000000000000
000000000000000000000000000000
000000000000000000000000000000
000000000000000000000000000000
000000000000000000000000000000